%YAML:1.0
M1: !!opencv-matrix
   rows: 3
   cols: 3
   dt: d
   data: [ 6.4489649176403941e+02, 0., 3.2634404586008338e+02, 0.,
       6.4584213501231318e+02, 2.3685068049368459e+02, 0., 0., 1. ]
D1: !!opencv-matrix
   rows: 1
   cols: 5
   dt: d
   data: [ -4.2092415290193047e-01, 2.0851519699325211e-01,
       -6.6466914482523525e-04, 2.3550519810573579e-05, 0. ]
M2: !!opencv-matrix
   rows: 3
   cols: 3
   dt: d
   data: [ 6.4425804642876324e+02, 0., 3.2331432722946403e+02, 0.,
       6.4538288051488837e+02, 2.3940723462032454e+02, 0., 0., 1. ]
D2: !!opencv-matrix
   rows: 1
   cols: 5
   dt: d
   data: [ -4.1925805948106815e-01, 2.0316483436975283e-01,
       2.0710924470717669e-04, -2.8214767470862969e-04, 0. ]
