%YAML:1.0
rotate_M: !!opencv-matrix
   rows: 3
   cols: 3
   dt: d
   data: [ 9.9927325372918430e-01, -2.7497496623786755e-02,
       2.6397955619970916e-02, -4.8746998798020660e-03,
       -7.7903742849145552e-01, -6.2695846936659372e-01,
       3.7804783858276132e-02, 6.2637414752593767e-01,
       -7.7860530798896044e-01 ]
transform_V: !!opencv-matrix
   rows: 3
   cols: 1
   dt: d
   data: [ 1.0603080887517368e+01, 8.5289840420767132e+02,
       6.0093555193070370e+02 ]
world_camera: !!opencv-matrix
   rows: 4
   cols: 4
   dt: d
   data: [ 9.9927325372918430e-01, -2.7497496623786755e-02,
       2.6397955619970916e-02, 1.0603080887517368e+01,
       -4.8746998798020660e-03, -7.7903742849145552e-01,
       -6.2695846936659372e-01, 8.5289840420767132e+02,
       3.7804783858276132e-02, 6.2637414752593767e-01,
       -7.7860530798896044e-01, 6.0093555193070370e+02, 0., 0., 0., 1. ]
